10
18822 17
18822 15
18822 12
18822 772
20
52996 14
52996 11
52996 11
52996 352
40
155310 25
155310 22
155310 19
155310 404
80
377209 51
377209 43
377209 36
377209 561
160
495142 119
495142 88
495142 77
495142 728
320
1145654 317
1145654 221
1145654 204
1145654 1363
640
2249361 669
2249361 539
2249361 473
2249361 2264
1280
4493970 1406
4493970 1091
4493970 1012
4493970 3408
2560
8727472 2962
8727472 2247
8727472 2048
8727472 5742
5120
18054803 5567
18054803 4227
18054803 3934
18054803 10501
10240
35183810 11812
35183810 8442
35183810 8018
35183810 19163
20480
70792450 24604
70792450 17250
70792450 16360
70792450 35327
40960
141385343 63733
141385343 48413
141385343 41327
141385343 70348
81920
284319752 133195
284319752 81596
284319752 90631
284319752 137828
163840
572777402 347278
572777402 199497
572777402 208357
572777402 241174
327680
1148015779 869024
1148015779 574569
1148015779 567735
1148015779 380308
655360
2303367509 1924807
2303367509 1223651
2303367509 1217205
2303367509 647818
1310720
4598033991 4782392
4598033991 3146013
4598033991 2823392
4598033991 1235221
2621440
9189270896 9631062
9189270896 6015036
9189270896 6747337
9189270896 2590068
5242880
18399403871 22762600
18399403871 14135915
18399403871 15757915
18399403871 5655780
10485760
36807712830 53535442
36807712830 33052337
36807712830 37250253
36807712830 12261342
20971520
73614533644 127620503
73614533644 75895453
73614533644 84575853
73614533644 26392305
41943040
147235292415 292831007
147235292415 173050368
147235292415 511682982
147235292415 57830196
10000
41509 29988
41509 14534
41509 11046
41509 28812
